0100111000000011
1111010010011100
1101111110110100
0110000101000000
1011010111011101
1001000010100111
1111100101010011
1010001001110010
0011011011100000
1100011000101100
1100100100100100
0000011110010011
0101111110111111
1110110010110001
1111011110111101
1100100100001111
1100010110010000
1111001011000101
1000110000001010
1011111111000110
0010101001010011
0001000100111101
0110111011000010
0000110011010001
0011101001110110
0010010111100011
0110111011001100
0000000101010001
1110000110001001
1011000000000000
1110011101010001
1010010011010101
1011101101011111
1110111100001011
0101100111100011
1111010000110111
0101011101111110
0110010101100111
0010010101100111
0001001101010110
0101010100011011
1100000001001100
0011101101000000
0010100101101111
1000110111000101
1111110011010000
0010011000000111
0101101001000100
1011010000001001
0011001010101001
0100001100101100
1010011000011001
1011010001011101
1110111001011000
1010110000101001
1111000111000111
1110111111001111
1101011110011111
1010001001110001
1010011100111010
1011001110001000
1011110110000011
0111100001011011
1000101001101100
0010011010011010
1100001110101011
0111111101010001
0110110010011011
0001000101111101
0111000000111101
0100000001111011
1010010110111010
0000011110111110
1011011010001110
1110001101110001
0011000100001011
1001111001001101
0111110111101101
1101000001110010
1111100111100111
0001011110111110
1000011101111101
1110101000110010
0111010101000000
1101010011010100
1000111000101010
0100111010011000
1111111001100100
1101000100010100
0000110111100010
0110111100101111
1010110001100000
0111110111000111
0001110010101000
0101111100011100
0001100001101100
0110110001010101
1011111011001011
1100111100110100
0100000110010100
1101100100010000
0000111101011111
0100001010111110
1001011101111100
0001101001001010
0000001000001000
0001110111100100
1010101011100110
1001000100110110
0101111011101100
1101110101100110
1110100011110100
0100100100101011
0111100010001000
1001101001001101
1001001110001111
0100010110001001
1010010111011110
0001110110101010
0000101010011001
1011100101000100
0001100110111001
1010111111101001
1100001001000011
1101000101010110
1001000101100000
1111011101000000
0010100101110000
0000001010101101
1101101001100011
1011100011000100
1110111001010101
1000011001000101
0011100011000011
0001110001010110
1010110100110000
0000010100111010
0011101000101010
0001010010000001
1001100000011001
0010111010100101
0010101011110011
1110100100010100
0010000101111001
1100101110111011
1010111000101110
1011011001001000
0000011101001101
0011001000000000
1100001101011010
0110001011100100
1000100100101110
0110100001101010
1011111100110101
0110010011011101
1000000111111100
0110001000000000
1011101011111011
0111110100110100
1101111111001100
0000010001011000
1100111011110100
0111111011010110
1011001000110100
0001001110000110
0110001001011010
1100001010101100
0001100001001101
0011000001001011
0110100011111011
1000100001100011
1011000110000101
0000010100000111
1111110010000111
0111010011000010
1111101110100000
0101000010101010
0000010010011100
0010000010000011
0100000110001101
1100010111010001
0110010111100001
1001110011010000
0100100010001010
1101110110101110
0111111001000001
1110101100100010
1111101010010001
0001000001010010
1111101000001111
1110010011101000
1111011000011111
1111001010110111
1011011011010011
0001010100110001
0101111010000101
0101110011000110
0001100010010010
0111110100010110
0010001010000101
0101010101010100
0000001000100110
0010111001001110
1000110010000011
0000110110011001
0010010101010011
0111010010001100
1110110011101111
1010001011110110
1011101011110111
1010010110110010
1101111011111010
0011101010010111
0110100011110000
0011000111001110
1101101011101111
1100011110010010
1011101010101011
0111010101001100
0010000110111011
1010001101101111
0100000110110101
1111000000100011
1001101100000011
0101000010101011
0110110111000010
0111011100001001
1101100101000010
0010110110111001
1101110001000010
1100001010110010
1001101101101001
0011011000111000
1100110110101110
1011110110110010
0110101010000101
1111001001110010
0111100000101001
0011111100110000
1111111010000100
0000101100000011
0000000001100010
1001111001101000
0100101101001110
1011001101100000
1011100111011101
1111001111000100
0001011101011100
0010101001100100
0000000001110010
1100001110001000
0001111110101110
0001001111111101
0111111100000010
1010010111110000
0000010001100100
1100010110011011
1011001101011101
1111000111100101
0010011110000100
0011100100001010
0010111001011011
1111111101000011
0001111000101010
1011101100111111
1000111010100110
0101100011101100
0011011001010001
1100001001110001
1001010111110101
1000010110001011
1010111100101001
0001101011010010
1000110000110110
0000000110001011
1110000101000001
1101001110010101
1001100110101100
0101001010000010
0110101000100000
0010000011101110
0010010011000011
0111100011001011
0101101111111101
0000101010001001
0001001100011010
0011101110000011
1011101001111111
1110010100101010
0111101101010001
0111011010010111
1001011011110001
1111111111010011
0100011110010000
1000011100111001
1100000111001011
0011100110011111
1110001100110001
0111111100010010
0001110001011001
0000100000101001
0111110111001101
1001011100111011
1110001111011100
1101010010010001
0101000001100001
0001111100100110
0010111000111001
1100111101101010
1001010101010000
1110011101110011
1101110000100011
1111111101111100
1111010111001100
0010111000100111
0010111110101111
1001110101111100
1000101110000000
1100001010111001
1101110010001111
1011111111000010
1000010111100111
0100011111101001
0101101010111100
1001101100011110
1001001100111100
1011100010001010
0111001100010011
0000111101101101
0011100010001100
1011111000101101
0000000100000001
1111110010101101
0101110000000011
1101111110001100
0010011100111101
0010100100010111
0010011000011010
0100000010001001
0110110110010111
0100100110011110
1001000010011000
1110100000001100
0100111001010001
0111110100111101
1101111101010110
1011101101001110
1011100011010101
0100110000100000
1001111010000001
1111001111101101
1011000110001111
0100000011100000
1001110010100011
0001011000001100
0011001011011100
1000101100000100
0000000100111001
1010000101110011
1001000101000111
1000000000111100
0100000010000011
0000100001011111
0000111011001001
1001101101111011
0111001001000000
1101000001010011
0011111100110010
0010101000010000
0000111110000001
1111000010011110
1101101110100100
0101110001000001
0001010111101100
1110111011100110
1010101110000011
1001001100011101
1110110101110100
1111000011010001
1000011001110100
1011001001010110
1001000101010101
0000011101100001
0010110011101000
1000100000111101
1011001100111000
1000101101110111
0000010101100110
0000001000000100
1000110011010000
0111001000110000
1110000000101010
1001010110100101
1101110000001110
1011110001111100
0001110101000001
0100100011100111
0001000100100100
0101100000100110
1001000111110100
0010001010001110
0101010111101100
0001001001010011
1111010011111010
0001100010011001
0110001000110111
1010010001010011
0001000100011101
1110101100010011
0001111111100110
1100001101000100
1101101010111101
1001110101101010
0001110011100000
0111100011010010
1010111010011001
1000010000010000
0010000110111001
1101100011100001
0001000101110010
0000000110111101
0011011110111001
1001100001101100
0011011111001111
0101011010001111
0101111001110110
1001001001001010
0000011101011100
1000000001000011
0011111101100100
0001000010110001
1000010100100101
0110010011100111
0101111010011110
1001110010100101
1110110011011110
0101111110011011
1110011101011110
1000001000011001
0010001010010110
0011000010101111
1101101110010111
0000001000111001
1100010100100010
1110111011110111
0011000010011010
1111101000110000
1000111111110111
1010111110110101
0101011100001110
0100111010111000
1001000101011010
1011110100011011
0100111001011010
0100100000000101
1010101110101100
0101001011010000
0010111100101010
0101110101010001
1000100010010111
0111100100001001
0011001001101111
0000000010011001
1101001100010000
1110010101110101
1111011000110001
1010101010000101
0111001011011101
0011011000100110
0001101010000110
1000101101000101
0100011010101101
1000110001111111
1001111011011010
0011000000010011
0000010010100110
0001001110011011
1001010011001000
0110100100000100
1101101010111100
0111010111100001
0111110100101001
0101011101101010
0010110101000001
1010110100000001
1001110001110011
0000011101000000
0100001001010110
1111100100100110
1101101111011000
0100110010101100
0100000101010110
0010111111000110
0111000111010001
1101010011111110
1110010111010110
0010100111011000
1000010101001101
0110001100101100
1111110010100010
1101011111111100
1010111110000011
0111000100100100
0000100000100111
0001010111010110
0110011011011101
0101000100000101
1110111001110001
1101110110111100
1110100010001001
1000011011010010
1101011010100100
0101100110001101
0010101100111000
1100111110011101
1101100001000011
1000001000011111
0001011100111011
0100110001001001
1000100010101101
0011101101100111
0000011010101010
1011000111001001
1100000000100000
0000110111000010
1011101001100110
1001010111011000
0010101011010111
0011100000111000
0011101010011101
0101101001000101
1001011010110101
1010010110010110
1101110100000110
0010011010110101
0011101000000000
0110111000010111
1001001111000001
1101101101100101
0111000011100010
0110001000001101
0110010011010111
0111000011010010
0011101101011011
1011101100111110
1100111111010001
1010110100001100
1011101100000011
1011010100111011
0010101111010001
1011010101111000
0011000011100100
1111111011011100
0011101110011111
0010001110010111
1001000011101111
1110010000111100
0001101100101111
1011001001011110
0000101111010100
1111010000101001
0000111001000111
1110110101010101
0000010000001110
1111001011111100
0000110111000000
1000000011110110
1001111001101100
0110101101111101
1000011111000110
1100001010110000
1110110111100110
0011101001110010
0011110011110000
0110000010010100
1111110011010011
1011011110000110
0100001100001101
0101110011101000
0100111100111000
1100011101110000
1010110111001000
0011001001011110
1100010001011001
1001100101111111
0011000000000111
1000001111101011
0000000101011010
1000001110000001
1111100101110110
0011001010011100
1110001110001111
0011111111000110
1001000000111010
0000010101101100
0110011010110001
1010010000011111
1111010101101111
0000001101001010
1010000001100101
1011010010111100
0000111110100111
0001000100100000
0000100100001111
0101111110110010
1100001000111100
1000001101000011
1010100011001010
1110110011010110
1111110110100000
1101110010101011
1011000011000101
0011101011000010
0000110100011010
0001010000000110
1000111010100000
1011101001111100
1010101110111101
1110001111001001
1101010000110110
1011111111100100
1111001111010101
0011010010111100
1000010000110110
0110001011100000
0100110001100100
1001111101100100
0100100100111011
1101111001010101
0101111111111011
1100011100011111
0010011110111001
1111101000100111
1010101000100110
1001110100010111
0111010111111110
1001101011110000
0100110111100001
0010110001000001
0011011110001101
0101011110101100
1001110010100001
0100110101100101
1000011101011000
0001111000111011
1100001100011000
1000000011100110
1010100110000001
1101100110000100
1111001001100011
0001001110100011
0001101011110000
0111001111100100
1100111000101011
0011000000110011
1100000011001000
0101000110000010
0101100110110001
0110100110000110
1111001010101001
0101111011000100
0111110100001010
0001000101110010
0101010000101101
1011101100100100
1011010100110000
1111101000010001
0111100011011111
0001010110011000
0101110111110010
0000001100000111
1010111111100100
1100100101001110
1100000101001110
1111110110000111
0110111111100001
1010110001110010
1110100001011001
1010001100100010
0100100110011010
1000000101000000
1100110101101001
0001110110010001
0101010111100111
1010101100011001
0100011100101011
1000101011001111
1111100111101000
1011101000101010
1010100101111110
0100000100111000
1101101111101110
1110100110011011
0111110011010001
0111110101100101
0100011000101110
1010101001111011
0001101111011011
1000110110011001
1001001001001111
0101110011001011
0111011011000011
1111101001000010
0100010111010101
1100010110011100
1101011110100110
1110110001101011
0000111011011110
1011010110110011
0111011111001011
0001100000100111
0101111111101111
1101011011100010
0001100010001111
0000010111110111
1110000101100101
1101110000100101
1110010100111101
1100101111001101
0000100001000101
1000110001010101
1100011110001110
1011010101010000
1001110110110110
0011100000011000
1010001110101110
1011010101101111
1001010001110101
1100001001010001
0101100000000001
0100100110001011
1101011011111111
1001110101010011
0001000001101001
0011101011011101
1101100000011111
1110011001000110
1110001000110101
0111111000101110
1111001011101110
0111100011111000
0100011110011011
1100000000110100
1101100100110100
1010110100010001
0111111011010100
0000100101110000
0101000100000011
0111010110101010
0000110010001100
1101000010101101
1100101001010000
0001010001001000
1000001110011111
1100101001100111
0001100001101100
1011010100001000
1110011111111001
0111010111011001
1001110100110010
0000010110000011
1000111000101000
1100100010110111
0011000110111111
1110100100111111
0100110001001011
1101010011111000
0000000110010101
1101000010100101
0101010110111110
1000100100001100
0001110110101001
1101000010100010
0010000101001110
1111001101111010
0110111111001110
0010100111100100
0110111101000111
1000110111101110
0100010010010101
1010011000110011
0011001010110110
1111110001100001
0101111101100100
0100110111101110
0111100010001011
0011010101010010
0010101111001011
0100011011011010
0100001010111001
1100000011000010
1001100110000010
0110111110111101
0110111010011100
0001010000101000
0011010101011100
0111111110001011
0110001111100001
1100000101010011
1101111001100111
0111001000001011
1100011011001100
1001111110010010
0110000100001000
0111001111001011
0011111001100111
1010010011111001
0000001011001000
0101001011001111
0011111010000010
0000110001010000
0000100101111110
1000011000010011
0011101101010011
0110110010111010
1101101001011100
0001111001000101
0001101111101111
0011001111000010
0101011100010101
1010100000011100
0110110001111000
0011000010000001
1000111111100110
0000101101010010
1110100010001001
1101101010110011
1111010101000011
0110101111001011
0111111101011011
1110000011110111
0011000110101011
1111001100111000
0100011101110011
0111000101011110
0101001101001001
1100011010000110
0000000110001010
0011111111110000
0001110011001010
0111100010100010
1110111100101011
0001010110010101
1000001001100011
0001111001100100
0100001011001010
0000100010111000
1110111010101110
1010000010100000
1110000000011101
0001001000111111
1000101010101001
0100001100001010
1011110001111000
1000001111110111
1111110111010001
0111100101110001
0110110010000110
1111111010001001
0000001110001001
1111001100111111
0001001100000011
0101101111110111
1111000001100101
0111100100101000
0010010011000111
0010000110101000
0101010001111110
0011100010101000
1100100111000010
0110010100010101
1001100101001001
0001001110010010
0011101101001000
0101110000000011
0001100010010000
0111111100000010
1011101110011101
1111011100111001
0011000010011100
0111010110110001
0110001000010100
1110100100010111
1011001010110101
1010110011101001
1111011111100110
0001110011111010
0000100100101110
1101011011110001
1111111111100111
0101111000000011
0011110001000110
0110110111010100
1000101011110001
1100111111000101
1110101100100001
1000010110010111
1010110111111001
0011000001100110
1001110111110001
0010101010001001
0100011000110110
0001111111110011
0001010010110010
1010110010010001
1010011011011100
0111001101000010
1100000000100000
1001101101001110
0011101111000101
0000110000111000
0000010001100000
0011000111000010
0111101011010100
1011000010111010
0111000011101000
1000110000001111
1110101000010101
1000010001101000
0010100100110111
1001100001110000
1010010011110001
0001000000111110
0110100010000011
0001010001010100
0001110011100111
1011010010110101
0001111011011001
1111011100011011
1110000100111000
0100100110101001
0111011001101010
0100011111110110
1011110101110001
1001001001001010
0001010101001111
1110010110010101
1001101101111011
1000001000000010
0011110110010100
1110010001111100
1000111010000000
1111110101000101
1000100101011000
1101000110011001
1001111100101000
0011100011100111
1000001110110011
1001010001100010
0010010011110000
0100011111011001
1100110101011000
1111100100111100
0011011110110010
0000010010000111
1101010111010110
1010100001010110
0100101101101101
1010011000100000
1000001100100010
1100011100100000
1010111000101101
0101111011111011
1011000101010011
1010000111100110
1100110101111001
0000110001000001
1000101001011110
1000100001010000
0001011011110100
1101101110000010
0001001100001001
0011101001101100
0010001001010100
0011000110010101
0011010100111110
0011011101101001
0110110111011011
1001010111101000
1011110101110100
0000000000011011
1110110011111011
1000100101111110
0010100111100101
1010101100110001
1000010110100101
1001001111111101
0110001110001110
0111111000110001
1101101011001000
0000101110011011
0100000100010111
1001110011111101
1000110001101100
1101011001101000
1101010011000111
1000000011010001
1011001000110011
1110000011100001
1100110011100100
