0010010101100001
1111010111100011
1100000000000110
1001111000101100
0000111011101100
1000101110001000
0001111001001000
0010010110111111
0000100011010101
0100000111110110
1001110000010110
1110100011100100
0110100111111010
0111010011010111
0011001010001111
1101011010011001
0110001011110001
1000101001010110
0100101111111101
0001111001000101
1111110111010000
1100001000100110
0010010000111010
1111011101000001
0110001100011001
1001010011001011
0001101001100001
0110010011110101
0100101011111111
1011110011111001
1011100010001011
1010110101101001
1110011000001101
0111000011101011
1110111001001101
0001000110010010
0000001110000110
1001101011100111
0110011111111110
1001110110100000
0001010111001011
1011111100101010
0101000010001010
0000101011010101
1010101111110000
1110011000010000
0001011010100100
1101100111000101
0010100111000001
1111000000000011
0000101001101111
0110001100000000
0001000110111000
0100000101000011
0100000010011111
0101001110001011
0100001011110000
1010011010001111
0100110001010100
1111101010101110
0101101010011001
0100101110001100
1100001000101011
1100111011011110
0011001101101000
0100110000010111
1010000101010000
0011000110010000
0001101111010000
0110001110000101
1010010001011010
1001111101000101
0011111110110001
1011101111000101
1000100111110111
1100010111000010
1111000001000001
0101101010110011
0101001000111100
0110000011011011
0000010101100011
0001100011001110
1011100100111100
0100010101011001
0000111010110001
1001100001000100
0101110110110000
1001110111111111
1001100111010010
0000111100111011
1010111111101001
0101101111110101
0010110001001101
1001001100000111
0101101110000010
1111110000100111
1100001111111100
1101110110111100
1000010110001001
1110001000010000
0000010101010010
1011000001110101
0000010101011100
0000101000100011
0101110001110111
0111011011110101
1011011111110010
1000111100101000
0111011101110101
0000100011111001
1111010111110000
1100000101010011
0101010001110100
1001000110111001
0011110011110001
0101111001001110
1111110001001010
0110010000011010
0100111011110010
0110000101010111
1100011011100111
1110101110000000
0001110101001110
1011111100110101
1001100110010001
1101001100011111
0000110001000111
1101010010100010
1010100001011010
0101111010011000
0110001100011000
0111100011011100
0000100100010101
1100111011100100
0111000011001111
0111010111011100
1011000011000010
0011011110111011
1000101001100001
0001001100001100
0110100110100001
1110000111100101
0110111001000000
1000000111000110
1001100101101100
0111011110000001
0100101000001001
0111111110110100
1111011010111101
1001110011100000
1110100101010001
1011111111100101
0101011101010101
1100111000011000
1100011001101100
0110010011101110
1110001000101000
1100010000101001
0110100001100101
0011111101100100
0001100011110010
1111101101001001
0110110111110100
0011011111110000
0111010111110000
0011110110110000
1111011100001110
1100011110100001
0000001001101110
0010010000101110
1000111011001001
1110000001011010
1010111111000101
1111110001011011
0101100100010111
0111110001100010
0110000110100010
1000000011101110
0100111000100000
0000000010010110
1010100101101100
1000000001000101
0010001000010001
1101011001100000
0000111000000101
1101010010000101
1100110100011110
1001001001001100
0001011000100001
0111001011011111
1110100101000100
1100011100101111
1010110111011000
0010001100111010
0001110010111011
1111011100100101
1110111000101110
0001111100110111
1110110000101010
0010010011110110
0111010001111010
0110100010001001
1101111110010100
1101110001111111
1000001011010011
0111000001001100
0101000101110001
1011100010110101
1111001000100000
1000010110011101
1011110001101011
1101110111111010
0100110100010001
0011000100111100
0010011001001111
1110111001000001
0010100010000110
0011000110001010
1101101011111100
1001110100100110
1100000010000101
1000110001110101
1111001100111000
1100111110000001
0100010110101011
1011111101001101
1111101111010110
0101001001100110
1101101011110000
0001101011100010
0010001110011101
1100101011101111
0000100000110100
0000101000010000
0101011011011110
0011000110011101
0010001010110100
1101100111110001
0110111001110000
1110110101111011
1000110000110111
1011100110001010
0101111101010001
0000111000011110
1110010010011001
1001010111100101
0101110001011010
0111110010100111
0100000111100000
1100001101100100
0000010000000011
0001010010011000
1001011101011100
0111111000110001
1101011100111011
1101100000010100
0100101000000011
1110100110111101
0100010010011010
0101111011011111
0000011010111001
0011111001101101
1010011110101010
1101001100100100
1011011011100010
0110000110001110
0001010111011011
0001011010101101
0001000111010011
0100100001100101
1111100101101010
0110011011000111
0110101000110110
0011101100111010
1000101010001000
0110000011100000
0010011100011010
1101011010011111
0110011111101101
1001001111111110
0001101010101011
0111000010010100
1010111111001011
0100111100111010
1111001010010001
1111001100100000
0001010111100001
1100000100000110
1001101001011010
0101001000011101
0111010100011101
1011110000001011
1101001111110001
1101010011101111
0000000111101000
1101100111000001
0111001100100110
0001011110110001
0011101010001000
0111001101000011
0011101111010011
0101100000011110
0011101101110100
1001000101000111
0010101011111001
1001001110011010
1010101100011000
0010110110001110
0000111010110111
1011010001000101
0100101000011100
0110100011110010
1001110111001010
0000100111101110
0001110001101111
1110000010100100
1100000111111100
0011001001010100
0010110000011001
1101010011011111
1011100010100001
1110100110000111
0001110001011001
0001111000101001
0101110000100001
1001111010001111
1000111010100111
0101100001110100
0111000110101101
1011100110001010
0100001011001111
1100100100100011
1001101111000111
1111011011011110
0110111101100101
1010011011000000
0101000111001101
0010100101000011
0111101110000110
1110010100011100
0100110011010011
1100010001111010
0101110110110111
1001101010010100
0011111010010011
1000100000000101
0110011110100011
1011010000101101
0001010010100001
0111011111100111
0101010111010010
0111011011111101
0111101000100101
0111001011100010
1111100100001101
0001011011110111
0010100110010010
1000101111000010
0110010010100011
0001010101010000
0001011000001001
0010110001001100
1110000001100010
0111011110110100
0101101110010100
1100101111010101
0100110110010000
0110001110101011
1100000001001111
0001011101100010
1001010101101011
0110000101011011
0100101011000110
1010010101000110
1000101101011110
1110110011010100
1110100110101101
0100100110101000
1101000010000111
1101000111010000
1101111111011111
1010110110101101
1100001001101010
1000111101010100
0100110111010100
1111001110111011
0100001001010100
1100000111100110
0100001111110111
0010001101110111
0010010001010000
1000110011010100
1000011111100010
1000000111010111
1101101110000100
0110111011101010
1101111001011011
1001110010000101
0100010100001001
0010000111010111
1110111101011110
0011001010010111
1110100101101010
0101101111111100
1110010010111111
0010100001111011
0000100111010101
1000100111111011
0010101010101110
0000001110000001
1011100100000110
0011111111111101
0000110001110010
0101100100100000
0001010001011100
1000011001111001
1111000010111101
1010011010011010
0101100010001101
0000001011110000
0100101011100000
0100110101001001
1001000001001110
0110001111111101
1011111011110010
0110110001011000
1001011010001111
0001011101010100
1110101100010011
1010011100100111
0000010000101111
1010011100000000
0110000101110001
1100000011001101
0011110100111001
0110000111000011
0101010001101100
0111011101010011
1100101101110011
0011010001111011
0000000001111100
0000001010010000
1101011100101010
1101101101101111
0000001111011100
1011000110110001
1001001101000100
1111000100011000
0101010011000111
1110111100110011
0000100111101100
1010011010011110
1111010011010101
1100001001010101
1110011011100100
0100101010100011
1011011101111110
0111000010111001
0011011010101000
1101010100010000
1010000111100010
1111111101011111
1001110110000101
0110101000000000
1000001100010011
1001101110011101
1110101111100100
1010001000100000
1000111101110011
0100101011010110
0010111001001110
0011101110001011
1000111010011011
0000000000101011
0111100111101101
0111100110010100
0100000000101101
0010011010101001
1110010010011110
1000101011110010
0010011000111111
1001000110110010
0110101011111101
1101010110110100
0010111101111001
1011010010000101
1000010101011000
1000001000011010
1101000101111000
1110010110001001
1110000101001001
0011000100110001
1101110001110010
0110001011111001
0011010011011101
0111010110100010
0100010011001101
1100010110111010
0000101101011111
1000010111100101
1110010001010001
1000010010010001
0110000101010001
0011011101000100
1100110000000000
0000110010111111
1101111100001000
0110110011111101
0111101100001011
0100000000100011
0011111010101101
1000011010010110
0100000111010011
1001100101100111
1101100101010011
0011110000101001
1010101101011011
1000101100000010
0110000111000000
0110110100110001
0000011101000110
0100011000111001
0101010001111011
1100101110110000
0000001001011101
1010101000010110
1110101101000110
1111100011010011
0000100111001011
1011010100110000
1011010110100001
0001101111010111
1011101100101010
0000010111001100
1000011001110011
1101011101110111
0100110010100101
0101100001000010
0100100101011101
1100010000110010
0011110100100010
0011001000100010
1001111001010000
1101111100010110
0101000111101000
0111010101111000
0100100110101100
1011101111110110
0011010110100000
1000100010100011
0000000001000010
1011110001101011
0011001001110111
0101010111001111
0101011000100110
0111011000000100
0001111000001110
0110010001010011
1110001101110111
0100101011001100
1100001011001111
0000011101000111
0101111011011111
1000000011101110
1110111010110100
1110101000100000
0011000100001001
1110000000010101
1110111000110001
1101100000101010
1010011000100001
1011001011010110
1011010000010011
1000101001010011
1010001000000101
1100011011100101
1101011110110110
0111011000010111
1001110111110011
1010000111110110
1110001101010110
0011011011100011
0110100100011110
1100100101100101
0010100011111010
1101101111110000
0111100000001111
1100000111110010
0111000100100001
0101100110101111
0111101010000101
1000111101010001
0100001111010101
1100101100001100
1011110010100110
1011010111000111
1010010111010110
1000010000000011
1101010000011111
1001101110111111
1000100011111010
1000111000111101
1100000010000010
1111010101101000
1111111100101101
0001010101010111
1101110111110000
0001000110100000
0000101000010011
1011001100011011
0010101100011010
1101100100110110
0001111111111001
1010001110110111
1100010101001101
0001100000010101
0110101110001100
1100111010000010
1010101100010000
1111011111001111
1001010011000110
0011011011111111
1111110001000001
0011110011111010
0011011001111100
1011000000100100
0001101010000010
1001100111110011
1101000011010001
0111101110100100
0011100000010000
0011111100110101
1000101001101111
1010110001001111
0001000100001111
0101100111011100
1001110010110110
1101011011001110
0000000101101010
1000100011101111
0010101001101110
0100100011101101
1000000000101111
0000001110100000
0010001110011111
0011010011111100
0011101111010111
1010010001001110
1101111110111000
1100111011111110
0100110011001101
1011001111110010
0101100110000000
0000111010101010
0100011110010000
0110100000011101
0111000001000111
0111010111110111
1111001001110111
0111010111011111
0101011000110100
1101100111111110
1000011010110111
0101011110010100
1101010101001010
0010100001111101
1000111101001111
0110010100110010
0100011011000000
1100110000010011
0011101011001101
0000100101100100
1010100100110110
1000010010000101
0010110110001101
1010000101101110
1110101011100001
0001000001010111
0111101100101001
1011100010110111
1010110101100011
1010111011101111
1111010100101000
0101000101111100
0010010110010100
1010100011001111
0100100010111010
1001001100011000
1110000100011010
1000010110010101
1010110001110110
0111100011111000
0001000000000000
1110101001000010
0111101111111011
0001011101010010
0010000000100100
0111000101100010
1111011001101001
0001001101101110
0000010011111101
1111010010110110
0010010010011010
1111100010001011
1001101100011001
1010110110111000
1111100110001000
0000011011000001
1010001111010101
1000111010100010
1101000111100101
1110100110001000
1001011111001001
0011110100000011
0010011101101111
0001111001110100
1101110110010001
0000001011111110
0010111010100001
0010100111000100
1100010010110110
0101100101011101
0101010010100100
0111010101111010
0110111010011011
1101010011000101
0010111000000110
1100011100100100
0100000000101001
1011101100010001
0111000110100011
1111101111010001
0010110100110010
1010111110001010
1010101000011101
1011110000101100
0011111010000110
0000101110101110
1001010010010111
1010000110110100
0001111100100000
1100010011101011
0000010010100001
1110011100000000
0000101001100101
1010111111000100
0100000000100110
0010101010110100
1110101011111000
0100100000101100
1110010010100011
0000010111001100
1110101110111110
0000101011011111
1011101001100110
1100101000011100
0110001111001011
0010000010011010
1000011011111100
0000110101000010
0001110010001010
1001101011100110
1111010001101011
0111011101111000
0110101001111100
0100000111100010
1011000111001101
1010001100011100
1010100101001100
1111010110001011
1001000100001111
1000001001001000
1010000111011101
1000100010000011
0001001111110111
1100100000011011
1011000101011110
1101000111100101
1100100111000100
1000011101111111
0010111001010010
0010011111011000
0100000000100101
0111101010110101
1011011000100000
1010000001110000
0110010001000000
1001010010011110
0001011110010000
1101011001010011
0101110101010010
0101011110111101
0100001000011011
0000100100011100
0101011011100111
1011111001000011
0001000110001010
0100001001000011
1110000100001000
0011011001100110
0000010110111101
0110011010010101
1111100100111011
1011001001100100
0111000110001000
0010101011110001
0000001100111111
0110100111011100
0101100000111001
0110100011101100
1111001010111101
1000100010110011
0001011000110000
0110001000101100
1100011000001100
1111001000011100
0011000000001110
0111010001011000
0100100010001000
1001110001000010
1111101011001100
1101010111011010
0110010000101000
1111010011110011
0001000010000101
1011000110101000
1100010110111010
0110000111110101
0100001011000100
0000001001110011
0101010001110101
0100100000110111
1010010000110010
0100111010100111
1110010001000000
0101111111100010
1010100001001101
0001011001101011
0100001011111001
0111111010101010
1000100100111111
0000111111100101
1100110101001110
0110001111001001
1010011110111110
1000010100111100
1111011001110001
1000010111010011
1101100001111000
0000110111011110
0011001000000110
1000101111011010
0011010110011010
0110011111110110
1011010111101001
0010011111101101
0111101010110010
0111110011000010
0001010011010100
1111110010001110
1100100011000111
0110101011100111
1111110010011000
0000001111110100
1110010111101110
0011111011101000
1011001111111101
0001101001111101
1101100110100101
0010111110001000
0100001001110111
1010101011110110
0110010010000111
1111001000111000
0100101001101101
1010010100011011
0100010000110101
1111001100000101
1101010000010110
1100100011010011
0010000000011000
0001000101000011
1111100110110100
0011111011110111
0001011100000100
1010101000101111
0001010100110000
1001001001101101
1100010010110010
1001101011101000
0000010001010100
1010110111100101
0010101010010001
1001011010101111
0111100011100011
1101110100001101
1000011101101000
1010111010000011
0111100011100110
1110110100001010
1101110100110111
1001001011110000
1000010010000100
0101111011001010
0000011010111110
1110010010000110
1101110111110000
0111001010111011
1011001101000011
0111010000111111
1001110010000000
1001111111010011
1000000101111110
1011010111100110
1011100111011110
0101010000100001
1101101110111111
1010000001000010
1000100110011000
0010001101100011
1001101101100010
0001000001001000
1001101010010110
0111000001010110
0110100001011101
1111111101000010
0111011100100111
1100000000110010
1101110111100010
0010110001110101
1101100111101111
1111111101000110
0101101110110010
1000101111101111
0001001011101000
0011001010010000
1010110001101011
0000110100111001
0100110100001011
1100011010101000
0000110110010110
0010011010111111
1000011010110110
1011011001100101
1101111111000101
0000001010110111
0000110101111000
1110010010010001
1010000011001000
1011111110100101
1101111001101000
0111110100000110
1000011011110100
0011001001010011
0101100000100110
0100011001010000
0010101101110110
0101111011100000
1001000101011010
0000111101111000
0000011110101111
1110010010001011
1001111110100110
1100100011110100
1011000010110111
0110000000110100
0001101001011110
1101100101101110
1110100010011011
1101110100101100
1110001000000101
0101011110011000
1101100000101011
1110000110011101
1101100010111100
1010101110101000
0001000010010011
0100110110010111
0011111011101100
0011100100011000
0000000011000000
0000101000101001
0011000100001110
1011001001111111
1100100011001110
1100101110111011
1000001111101100
1001010010000111
1000111100010110
1011000100000100
1110011010101100
1000111001000010
1101000111110111
0000011010111010
1111010111110100
0110011011111001
1010011100010100
1100011110011100
0011101011100010
1100000011010011
