00111001101100100
11110101001111111
11001111110111010
01111111101101100
01100010011001001
10001110000101111
10001011110011011
01100100000110001
00011111110110101
10000100000100010
10110010100111010
01111000001110111
01100100110111001
10110000110001000
10010101001001100
11001111110101000
10010100010000001
10111110100011011
01101100000000111
01101111000001011
10010100000100011
01101001101100011
01001001011111100
10000010000010010
01001110110001111
01011101010101110
01000100100101101
00110011001000110
10010110010001000
10110110011111001
11001111111011100
10101001000111110
11010000101101100
10101111111110110
10100100000110000
10000010111001001
00101101100000100
10000000001001110
01000110101100101
01011000011110110
00110101011100110
10111111101110110
01000101111001010
00011010001000100
10011100110110101
11110001011100000
00011110010101011
10011010000001001
01101110111001010
10010001010101100
00100110110011011
10000100100011001
01100011000010101
10010111110011011
01110110011001000
10100010101010010
10011001010111111
10111111000101110
01110111011000101
11010000111101000
10000111000100001
10000100100001111
10011101010000110
10101100101001010
00101101000000010
10000111111000010
10010000010100001
01001111000101011
00010110101001101
01101001111000010
01110010011010101
10100010011111111
00100011101101111
10111001001010011
10110110101101000
01111011011001101
11000111010001110
01101100010100000
10010001010101110
10101101011000010
00001110100100001
01010000001001011
11010001101101110
01011101010011001
01110001110000101
10010011001101110
01010110001001000
11001110001100011
10110101011100110
00001110100011101
10001111100011000
10000100001010101
01010101000010100
01010111110101111
01011101010011110
10001010010010011
10011000001010001
11001110010000111
10101010010111101
10010001110100100
01101111001100010
01011111111010100
00100100000011010
01010000110011111
00111011011000001
00111100011111101
01101010111010110
10011101000001110
10000100010101011
00110011111100101
11101001101010110
11010101001000111
01001110110011111
10000101001000001
01101011100111110
01111000111011101
10100000111010011
10000100111111000
00110110010011100
00110101111110000
11000000000101011
10000010100111001
01100110100110111
11000000101111000
10110101011100111
10110010001111111
10000001110000111
01111111000010010
01010101100000111
10011100011111011
10001101111011100
10110011100110001
01000111101011010
10000011110100111
01000110100100101
10010001100001100
01011010111111100
00111000111100101
01001111011100010
01010101100100101
01001100001000110
10000110011011000
10101011101010100
01010001100111111
10110010100100111
10010010110101111
10000000001010001
01000011100000001
10010100010111101
10110000000111010
10100110000110101
10100100100010011
01011111110111111
11000110101001101
10010101101001001
01110011011101010
10100010000101000
10111111100100100
01110010110011001
10001111100110000
00001110101001010
11100101000111101
01110110011001010
01110101000100100
01000100101110110
01010000000001010
11011100110111010
01101111111101110
00011001010111001
01000110100101001
10001011100101100
11001000111011111
01011010011001100
11111100011100010
01100110111011001
10111100000000010
01011001001001100
01000010110001010
00110111010100011
00100001000100011
10110111100111101
01110011000100110
01011111011100001
10001111011101010
01110101110110011
10101001011000110
11011100001000000
11000110011011101
00010011001110011
10110110011101110
11100111000101100
11011110101001110
11010000010001111
01101101000001101
00011000111101100
10101010110101010
10100101011110100
00011011111001001
10110100101000000
00100011101111011
01100100111001110
00110101010101111
10000110111100010
10110100100000010
01001000001101100
01001010110011111
01100010111111101
11010010110100100
11001010100010110
10100000010010100
10110001000011101
11011110011110100
01000011110101000
01001101000101100
00101100000011101
11100100100110000
01111000000011000
01110110000110101
10101000001001000
01011111011100001
10110001111110100
01100111000101010
11110001101011011
10110101010000100
01001011001010110
10010110100001111
10111001011011111
10010101110101000
10000100010101001
01111011100100100
01110011001001111
10110011001011000
00011111001101100
01101011110111110
10001010010010000
01001110000100010
10001010100100110
10101001000011010
01010110110100000
11110101111111111
01001011100111010
01011100111101100
01111110110111001
00101100101101100
11001011111111001
10100111111000010
10101000000011110
01001010000000011
00110110001000100
01100001111010110
01100011110001011
00011010001000110
01010101101011001
01111110100110011
10111110100101011
01101110001111000
10000111110011110
11001110100011010
10011011001111111
01000011001100011
00011111111000011
00110110011001000
11010011011101101
01111000101001110
10111001000100001
01111000000110100
00110111011000111
00100110011111110
01101010001000100
01101111001011010
10111111011110101
10001010111110000
01000010100001000
01100011101110000
01000110000010011
10100001000100001
01111101010101111
10111000001001011
01011101001101111
01111111000011110
00011101110011001
01001010101010111
10010100010010110
01010101100110111
01111110100011010
10000011000111010
00101000101100100
10111101110000101
10111111110000100
01100110101101110
01110101110110100
10101001011111100
11101001111000100
10001110001111111
01000100100100001
11001101110001100
01010110011000101
01111101011100010
01011100110011010
01000111110011100
00100001111111100
01101010111101011
01101001010101111
10111010100100011
01111111110001010
01110001111111011
01100101000111110
00101101111000111
01101111000100001
10100100110010101
10011000110001111
10100010100010101
11001110101000110
01111111110111010
00100101010010110
10001000001010011
10101111101111000
01011110111010100
01110111011010010
11011000101101110
10111100001100011
10110111101101110
00110010001000010
00111100011100101
01111011100111111
10011000111001011
10100011100110001
01100101110000111
01000000100011010
01111001000010110
10000000011111100
01100101000100100
11001100001110100
10101001011100001
10100111011110001
01100110111111101
00111101011100100
00100111101011101
01011110000001111
10101001010110011
01001011001110001
10101010100010010
10100010111000011
01110100011100101
01011101111010000
10110011101011011
10010001011110001
10110110100000010
00110000011000001
10001011001101000
10100100110111111
10010100010001100
01011101100000101
10000111110000101
10000111100011001
00100100111010011
01011010010010110
01000110011111011
10000011000010110
01010011010010111
01001011001000101
00110110011001111
01110100011000001
01000011001111101
01111011100001111
10011111000010101
10001110111100011
01010001011011101
01110101001011111
00010011011100011
11000011000001001
10011110011111111
01010011100000111
01011101100110010
10111101001000100
11001100001010111
10111110011001010
10011011100011100
11100000101011000
10101100001000100
11001001000110101
10011111100000010
01100100111001011
01011110000111100
01101011000010001
11010011011110011
01100110111001011
01100011101001100
00100010111111011
01011000001000111
01001011010000000
10110110011111110
10001110110000111
10101110111100101
11001100000000000
01000110000101011
10010011101000010
01010110110101001
01001110100101111
01011001111001011
10001000111101100
01000100010000011
01111101110111101
10101000011110110
01111110101011000
01000101010110010
01010111000101000
01001101100011000
10001010111000001
00010001101100111
10111110001001010
10001101010111010
01010100111011100
00111011000000000
01000110100101110
10011010100010010
10111010011001101
01100100001010011
10011000101101110
00001010001100010
00100110010011101
01000010100000010
10010100010111010
01001101111001100
10001010110000001
01100101011001110
10010100011011001
00001111010110000
10110101101010110
01110011010001011
00001010011100000
10010110000100101
01100011001011000
10001111101101011
01101100111011110
10100111010100001
01011010000000111
10101111010110001
10100110110001100
00101011100010001
00011000100101011
01101111000100111
01101100101100011
11010000010010001
01111001011010011
01110001001001011
11000110101110100
11000000100001111
10000010001111100
10100011001000001
00101100010100100
10011011111111000
11011000111110000
10001000010101111
10010111011101001
01111011001001111
10000101001001110
01001111111100011
01001001111111001
10101110110100111
10001101011101011
10011000111001110
01001111000011110
10011110100010000
10110100010001000
11001000111001110
11001011001101001
10001010011111101
01100010110011001
00110010101011100
01011100110010011
01000001000111000
10001101100011010
01001111100000101
01010101000000000
00111111000111010
00101001111001000
01011101101110001
10100110110100010
10110010110101110
01001110000100000
10000111011011011
01100001001100111
10000001011110101
01101110001111010
10101000011111000
01000110010011000
01100010001110000
11100101010011110
11100000101100001
10010110111110101
00111001010000111
10000110000111000
01101010011001010
10000100111011011
10101101101111000
00110111010100101
10100101100000111
00110111010001011
11000001010000111
11011110001001101
10011010000010100
01101001001110101
00011111101101011
01110000111010110
00111001110011100
10011000000001101
10101101101101110
10101100011000111
10010100010101100
01100010101111111
10101110100111010
01001101101100000
01100010010011111
11010100011110000
10001010001101100
10010110101111010
01010001000111101
01010111000001001
01111010111011110
00100001010101101
00100110011100011
10000011001000100
11000101111010000
00001000000011111
10110010001111100
11000000100011110
10010001110101010
00100001000000011
01110111111001101
10000111111100110
01011001010001100
10110000011000000
01110001011010010
01010110100101000
10001000101110111
01011101010111100
01110110000000011
10010010011000010
10011010100010100
01001111100101111
01001011011111001
10000111100100010
10001101001110001
10000110100100110
10100010101001001
01111011010111000
10111011011111001
01110101011011011
01011010001110100
01011010110111010
01110110101001111
10011000101010011
01001000101101110
00111100110111101
10000011011110011
10000001001001010
00111111110000010
11001010111010101
00101011010100000
11011011011111000
00001010110001110
10100110000110100
01000010011111100
11110000110110000
01111011111100000
01011000111111111
10111111010000001
10101100110101110
10101111111110000
10110100011010001
11010000010111100
01110111010000101
01100011101000011
10000001010011001
11100001110111000
11000111100111100
01011100100100100
01111101011011011
01111000100101110
11010101011000110
01110010010101011
01001101101111100
11000110110111110
01100001001111001
10000101111110111
01111101111111010
01100001101001100
01111010010100010
10101001100100101
01010110100100001
10111001011100000
01000001110011011
10101101101000110
01100001000010010
10001110001111000
10100100111110101
10111100101110010
01101011101101001
10011110000100100
10011110110110110
01001110111100100
01101000110100010
01111111001110111
10101111011011111
01101011110010011
10110000100110011
01011101001101010
01111011011101001
11011000010111011
10000011111000101
11000100111111011
00101101010111011
01011000011010001
01101100101010011
01010011010110101
10010011000001000
10111101000111111
11000111011011001
11100110000000101
10101010010101010
10010101011010100
10011000011111101
01100000100110000
01001100101011100
01111110010001000
01011100111100110
01110001100101110
11010111100100110
01101101110011111
01111111100101111
00110011011101110
11000010010010110
10101011001110101
01010111000100110
01100111111011010
10011011110100110
10010010010101111
00010110110101011
01100000001111100
01000001000011010
01110010110001110
01100110110010100
01000101011111000
00100000111011010
01111100000010100
01011110010111101
10100110111001111
11011100100111100
11100000101100001
00110000001110000
01100111011100010
01100110101100100
01101110011010101
00111011111000011
10010100011100101
01100000111001001
01100111110101000
10101101111111101
10110100010001000
01011010011111000
10101011100001000
01001100000101001
01010101111000001
11001000001101110
01101110110101101
11000100101100000
01101111000010001
00101110001011000
10010101000000101
00011110111010100
01011100101001000
10111001010000100
10100010111010011
10010101100010100
10001000101001111
11001011101010011
01111100010110000
10001111001001011
10000001001010001
10010111010100011
10111110001011000
10001001010111001
01010011101100011
01101000010101101
01110111111111010
01101001110001001
11000110100000000
11001101101000100
10010111100010011
01110110110101110
10101010011100110
01111100110011011
10110011100010011
01111100101100000
00101110110000000
01100101010011111
01000110100111101
11000010000000010
01010010110111101
00110000111001000
10110101101111001
10001111011011100
10011111001100000
10110000010110101
11000010101011110
11110010111110011
00001010110011111
10101100110001000
10000011001101101
01110101000001100
10100100101110111
10110111010101011
00101010110010010
00010110101100110
01111111111011001
11011100110110110
01110100000111011
01111101001101110
00011001000001001
10101000100001011
10010000011101011
10000100111110100
10001001100110000
01010011010110011
10111100001110011
01110001101110101
10101101110011001
10000001001111010
10001001100010010
01011101100101110
11101001011010000
01100101010000101
01011111111110011
01110010011111010
11001010001001011
10010010011001100
01110110111100011
10001001011000101
11001010010100010
01001100000011000
10000110010000110
01100010011010101
11100000000110100
01011011101110110
10010111010011000
00100100110010110
00111101110110111
10110000010100010
00101010010111000
11011010101010000
01101000000011100
10000000000000110
01000111001111110
11000010011001101
01110001010001000
10001100011010011
10000100010010011
01111110011010101
01010101001110100
00010001000001101
10010100100001110
11011110100100010
01010100100110111
10101001110111011
01000111000101101
11000011011000101
01010010010110001
10111100111110001
10100101101001001
10001101000011011
01001111111110001
10111001001111111
01010100111010001
10000011101110001
10011011111101001
01101101101000010
10100000100101100
10101011110110010
01100110000010100
01101010010000101
00101101010001110
10011110010000110
01101101000011001
10000010000001110
10001100011111011
01001100110010010
01100000001101001
00101111001101010
10001100100001100
10001111000010100
01111000100111111
01011000111011000
00111011110111000
00110101100001111
01111001110011111
01001000100010101
01010011000100100
11010001001011011
10001010011001101
00111011111001000
10010110101100001
11001100011001101
10001001101101100
01110010101010011
00110100101011000
01010100000111000
00110110010100100
01010101100001000
01010011101101110
01111111100001101
01001001000110001
01001110001000011
01001110101111111
10011001011000110
11100110001111000
00100111001010011
01001000001000111
00111110001001010
01111001101010111
11010001011101000
10100001001010010
01001010010101001
11000010011011001
00001101111010111
11001101000110001
11010000001101101
10101011100111000
01010111010001111
01000000111001110
10011010101101100
00111100111100010
11001011101101010
01001011000011010
10101010110011110
01011001100101011
10110111011010011
00001011111110101
01000001011101001
01001101101110100
10000000111100001
01111111100010000
01110001011100011
01110011000101100
01100011000100010
01100100000000110
01111111100101001
10111010010000001
10111100100011000
01110110111111011
00100010001000101
10001011010000011
00111100010100100
10010010001101110
10011100111100000
10010010110111110
01111010000100011
01110100101001000
10001001101011101
10000000000010111
11011110000000110
00111110111101010
10101100010001111
01111010001011001
10101111100010110
00110001110101111
01101010110100101
00110111011111011
10001001001001101
01111100101001010
01010011110001100
10100010000111111
00111100000011001
10010110110000000
01010011001110000
01011110110101011
01100001100110111
11010111010100010
11100101101001111
01111100101101111
01001010111001001
00111001101010111
11110001011001011
01111000110101100
01100001111101101
11010001000010101
00011001000101010
01001101110011011
11001101110100011
11001101011001111
00110001001010111
01110101000101011
01001100001100101
10010000110100000
10100100010101000
11100100000101110
10000110011111111
10101110001111100
01010100101001100
11000101011111011
10000011111000000
01101100100100110
01010010001110111
00111001101111100
01011001101001111
11000101101100010
10101000100110010
10011001011011011
10100111010010001
01011000000000100
01010100010111000
01010010000110011
01011001101000000
10011000010111010
10110101010011000
01100010100001001
10110011111001110
11000101001010111
10000111000000000
00100110010011010
10011001111010010
01011010100111001
01010101011010100
01101100011011001
00111110010110001
10001110000101001
10010101111011100
01101111100001011
11101010011111101
10000110110101101
10010001110011000
10111010110110000
01010001110101000
10100100101100000
01010010100110010
00100011111011111
11001001000000000
01010100010110100
01100111100001101
10000010000111100
01111001000010010
01011010100111111
11000001111111011
10011111110111101
11011000101011110
01010000111011111
00100011001011111
10110100001000100
10011010100101010
01110010010010101
10010011001000001
10100101001011110
11000000000110000
00110101000000101
00101110010101101
10001110000100110
01101001111001100
01010101001001101
10011011101111010
01001001010011010
01100111011001111
11001001010111000
01111111010100001
10111101001000111
10101001010011101
10010110110101101
00010011010011111
10110001111001100
10111000011101011
01111010000100000
11011110110000111
00110101010100001
10001001010010111
10000001111110001
10000101001010001
01110000011100110
00100011111111100
01011101101110010
01101010011010100
01111011010001100
00000000011011011
01111011100100100
01011101010001100
01101110001100100
10111001111111111
10101000101100000
10001011111101001
01111100000010101
10000110101000111
11000101111001100
01111001001000111
01100111101011001
10110111011110100
01001001100100110
11100110001011100
10011101111000000
10010011111100101
10111100111001111
10001101111000011
11000110110110111
